v2.0 raw
200021 200242 200084 220800 210400 201008 300000 0
200021 200242 200084 220800 210400 201008 300000 0
200021 200242 200084 220800 210400 201008 300000 0
200021 200242 200084 20800 210400 201008 300000 0
200021 200242 200084 210400 201008 300000 0 0
200021 200242 200084 210400 201008 300000 0 0
200021 200242 200084 210400 201008 300000 0 0
200021 200242 200084 210400 201008 300000 0 0
200021 200242 200084 210400 201008 300000 0 0
200021 200242 200084 212000 300000 0 0 0
200021 200242 200084 200030 201002 300000 0 0
200021 200242 200084 200110 300000 0 0 0
200021 200242 200084 200030 10002 300000 0 0
200021 200242 200084 214000 300000 0 0 0
200021 200242 200084 218000 300000 0 0 0
200021 200242 200084 400000
